d = [7	    0.094734807
     6.9683	0.096112606
     6.9315	0.096237257
     6.8888	0.096125618
     6.8393	0.096383643
     6.7819	0.096178091
     6.7154	0.095875808
     6.6381	0.096092672
     6.5486	0.096157945
     6.4449	0.095907004
     6.3246	0.09569084
     6.1853	0.095743508
     6.0239	0.09558323
     5.8371	0.095394989
     5.6209	0.095238383
     5.371	0.095037312
     5.0822	0.094765633
     4.7491	0.094353544
     4.3653	0.093799332
     3.9243	0.093109538
     3.4195	0.092093818
     2.8448	0.090468229
     2.1971	0.087643974
     1.4847	0.081811107
     0.7468	0.066198635
     0.1593	0.033874846
     0.0066	0.007137777
     0.0002	0.000300797];
 x = d(:,1);
 y = d(:,2);
 
