S = [6.97465
6.93875
6.88812
6.81705
6.71799
6.58129
6.395
6.14588
5.82099
5.41012
4.91163
4.33608
3.70917
3.06762
2.45322
1.90114
1.43301
1.05535
0.76306
0.54439
0.38412
0.26917
0.18748
0.13016
0.09011
0.06226
0.04297
0.02961];

u = [0.010403597
0.010345403
0.010269265
0.010153677
0.009996472
0.009781327
0.009494444
0.00910566
0.008611278
0.007990249
0.007249635
0.006401566
0.005487734
0.004561933
0.00367194
0.002867693
0.002178949
0.001617948
0.001176681
0.000843082
0.000597869
0.000419905
0.000293293
0.000203673
0.000141311
9.77277E-05
6.74526E-05
4.64371E-05];
